[493.88    880.0     0.0       87.0      ]
[0.0       0.0       0.0       1.0       ]
[466.16    830.61    0.0       87.0      ]
[0.0       0.0       0.0       1.0       ]
[440.0     783.99    0.0       87.0      ]
[0.0       0.0       0.0       1.0       ]
[415.3     739.99    0.0       87.0      ]
[0.0       0.0       0.0       1.0       ]
[440.0     880.0     0.0       87.0      ]
[0.0       0.0       0.0       1.0       ]
[415.3     698.46    0.0       87.0      ]
[0.0       0.0       0.0       1.0       ]
[392.0     739.99    0.0       87.0      ]
[0.0       0.0       0.0       1.0       ]
[369.99    698.46    0.0       87.0      ]
[0.0       0.0       0.0       1.0       ]
[392.0     880.0     349.23    87.0      ]
[0.0       0.0       0.0       1.0       ]
[369.99    659.26    329.63    87.0      ]
[0.0       0.0       0.0       1.0       ]
[349.23    698.46    349.23    87.0      ]
[0.0       0.0       0.0       1.0       ]
[329.63    659.26    329.63    87.0      ]
[0.0       0.0       0.0       1.0       ]
[349.23    880.0     311.13    87.0      ]
[0.0       0.0       0.0       1.0       ]
[329.63    622.25    329.63    87.0      ]
[0.0       0.0       0.0       1.0       ]
[311.13    659.26    311.13    87.0      ]
[0.0       0.0       0.0       1.0       ]
[293.66    622.25    293.66    87.0      ]
[0.0       0.0       0.0       1.0       ]
[311.13    880.0     311.13    87.0      ]
[0.0       0.0       0.0       1.0       ]
[293.66    587.33    293.66    87.0      ]
[0.0       0.0       0.0       1.0       ]
[277.18    622.25    277.18    87.0      ]
[0.0       0.0       0.0       1.0       ]
[261.63    587.33    293.66    87.0      ]
[0.0       0.0       0.0       1.0       ]
[277.18    880.0     277.18    87.0      ]
[0.0       0.0       0.0       1.0       ]
[261.63    554.37    261.63    87.0      ]
[0.0       0.0       0.0       1.0       ]
[246.94    587.33    277.18    87.0      ]
[0.0       0.0       0.0       1.0       ]
[233.08    554.37    261.63    87.0      ]
[0.0       0.0       0.0       1.0       ]
[246.94    880.0     246.94    87.0      ]
[0.0       0.0       0.0       1.0       ]
[233.08    523.25    261.63    87.0      ]
[0.0       0.0       0.0       1.0       ]
[220.0     554.37    246.94    87.0      ]
[0.0       0.0       0.0       1.0       ]
[207.65    523.25    233.08    87.0      ]
[0.0       0.0       0.0       1.0       ]
[220.0     880.0     246.94    87.0      ]
[0.0       0.0       0.0       1.0       ]
[207.65    493.88    233.08    87.0      ]
[0.0       0.0       0.0       1.0       ]
[196.0     523.25    220.0     87.0      ]
[0.0       0.0       0.0       1.0       ]
[220.0     493.88    233.08    87.0      ]
[0.0       0.0       0.0       1.0       ]
[246.94    987.77    293.66    175.0     ]
[0.0       0.0       0.0       1.0       ]
[246.94    0.0       0.0       175.0     ]
[0.0       0.0       0.0       1.0       ]
[293.66    0.0       0.0       175.0     ]
[0.0       0.0       0.0       1.0       ]
[329.63    329.63    329.63    175.0     ]
[0.0       0.0       0.0       1.0       ]
[246.94    0.0       0.0       175.0     ]
[0.0       0.0       0.0       1.0       ]
[349.23    0.0       0.0       175.0     ]
[0.0       0.0       0.0       1.0       ]
[329.63    349.23    349.23    175.0     ]
[0.0       0.0       0.0       1.0       ]
[293.66    0.0       0.0       175.0     ]
[0.0       0.0       0.0       1.0       ]
[246.94    293.66    293.66    175.0     ]
[0.0       0.0       0.0       1.0       ]
[246.94    329.63    329.63    175.0     ]
[0.0       0.0       0.0       1.0       ]
[293.66    0.0       0.0       175.0     ]
[0.0       0.0       0.0       1.0       ]
[329.63    349.23    349.23    175.0     ]
[0.0       0.0       0.0       1.0       ]
[246.94    0.0       0.0       175.0     ]
[0.0       0.0       0.0       1.0       ]
[293.66    0.0       0.0       175.0     ]
[0.0       0.0       0.0       1.0       ]
[233.08    261.63    261.63    175.0     ]
[0.0       0.0       0.0       1.0       ]
[261.63    0.0       0.0       175.0     ]
[0.0       0.0       0.0       1.0       ]
[246.94    987.77    293.66    175.0     ]
[0.0       0.0       0.0       1.0       ]
[246.94    0.0       0.0       175.0     ]
[0.0       0.0       0.0       1.0       ]
[293.66    0.0       0.0       175.0     ]
[0.0       0.0       0.0       1.0       ]
[329.63    329.63    329.63    175.0     ]
[0.0       0.0       0.0       1.0       ]
[246.94    0.0       0.0       175.0     ]
[0.0       0.0       0.0       1.0       ]
[349.23    0.0       0.0       175.0     ]
[0.0       0.0       0.0       1.0       ]
[329.63    349.23    349.23    175.0     ]
[0.0       349.23    349.23    1.0       ]
[293.66    349.23    349.23    175.0     ]
[0.0       0.0       0.0       1.0       ]
[246.94    293.66    293.66    175.0     ]
[0.0       0.0       0.0       1.0       ]
[246.94    329.63    329.63    175.0     ]
[0.0       0.0       0.0       1.0       ]
[293.66    0.0       0.0       175.0     ]
[0.0       0.0       0.0       1.0       ]
[329.63    349.23    349.23    175.0     ]
[0.0       0.0       0.0       1.0       ]
[246.94    0.0       0.0       175.0     ]
[0.0       0.0       0.0       1.0       ]
[293.66    0.0       0.0       175.0     ]
[0.0       0.0       0.0       1.0       ]
[233.08    880.0     261.63    87.0      ]
[233.08    0.0       261.63    88.0      ]
[0.0       0.0       0.0       1.0       ]
[261.63    277.18    277.18    175.0     ]
[0.0       0.0       0.0       1.0       ]
[246.94    493.88    293.66    175.0     ]
[0.0       0.0       0.0       1.0       ]
[246.94    0.0       0.0       175.0     ]
[0.0       0.0       0.0       1.0       ]
[293.66    0.0       0.0       175.0     ]
[0.0       0.0       0.0       1.0       ]
[329.63    554.37    329.63    87.0      ]
[329.63    0.0       0.0       88.0      ]
[0.0       0.0       0.0       1.0       ]
[246.94    0.0       0.0       175.0     ]
[0.0       0.0       0.0       1.0       ]
[349.23    0.0       0.0       175.0     ]
[0.0       0.0       0.0       1.0       ]
[329.63    587.33    349.23    175.0     ]
[0.0       0.0       0.0       1.0       ]
[293.66    0.0       0.0       175.0     ]
[0.0       0.0       0.0       1.0       ]
[246.94    493.88    293.66    87.0      ]
[246.94    0.0       0.0       88.0      ]
[0.0       0.0       0.0       1.0       ]
[246.94    554.37    329.63    175.0     ]
[0.0       0.0       0.0       1.0       ]
[293.66    0.0       0.0       175.0     ]
[0.0       0.0       0.0       1.0       ]
[329.63    587.33    349.23    175.0     ]
[0.0       0.0       0.0       1.0       ]
[246.94    0.0       0.0       175.0     ]
[0.0       0.0       0.0       1.0       ]
[293.66    0.0       0.0       175.0     ]
[0.0       0.0       0.0       1.0       ]
[233.08    880.0     261.63    87.0      ]
[233.08    0.0       261.63    88.0      ]
[0.0       0.0       0.0       1.0       ]
[261.63    932.33    0.0       87.0      ]
[261.63    0.0       0.0       88.0      ]
[0.0       0.0       0.0       1.0       ]
[246.94    987.77    293.66    175.0     ]
[0.0       0.0       0.0       1.0       ]
[246.94    0.0       0.0       175.0     ]
[0.0       0.0       0.0       1.0       ]
[293.66    0.0       0.0       175.0     ]
[0.0       0.0       0.0       1.0       ]
[329.63    1108.73   329.63    87.0      ]
[329.63    0.0       0.0       88.0      ]
[0.0       0.0       0.0       1.0       ]
[246.94    0.0       0.0       175.0     ]
[0.0       0.0       0.0       1.0       ]
[349.23    0.0       0.0       175.0     ]
[0.0       0.0       0.0       1.0       ]
[329.63    1174.66   349.23    175.0     ]
[0.0       1174.66   349.23    1.0       ]
[293.66    1174.66   349.23    175.0     ]
[0.0       0.0       0.0       1.0       ]
[246.94    987.77    293.66    87.0      ]
[246.94    0.0       0.0       88.0      ]
[0.0       0.0       0.0       1.0       ]
[246.94    1108.73   329.63    87.0      ]
[246.94    0.0       0.0       88.0      ]
[0.0       0.0       0.0       1.0       ]
[293.66    0.0       0.0       175.0     ]
[0.0       0.0       0.0       1.0       ]
[329.63    1174.66   349.23    175.0     ]
[0.0       1174.66   349.23    1.0       ]
[246.94    1174.66   349.23    175.0     ]
[0.0       1174.66   349.23    1.0       ]
[293.66    1174.66   349.23    87.0      ]
[293.66    0.0       0.0       88.0      ]
[0.0       0.0       0.0       1.0       ]
[233.08    880.0     261.63    175.0     ]
[0.0       880.0     0.0       1.0       ]
[261.63    880.0     277.18    175.0     ]
[0.0       0.0       0.0       1.0       ]
[246.94    493.88    293.66    175.0     ]
[0.0       493.88    0.0       1.0       ]
[369.99    493.88    329.63    175.0     ]
[0.0       493.88    329.63    1.0       ]
[246.94    493.88    329.63    175.0     ]
[0.0       0.0       0.0       1.0       ]
[369.99    369.99    277.18    175.0     ]
[0.0       369.99    0.0       1.0       ]
[246.94    369.99    293.66    175.0     ]
[0.0       369.99    293.66    1.0       ]
[369.99    369.99    293.66    175.0     ]
[0.0       369.99    0.0       1.0       ]
[246.94    369.99    246.94    175.0     ]
[0.0       369.99    246.94    1.0       ]
[369.99    369.99    246.94    175.0     ]
[0.0       369.99    0.0       1.0       ]
[246.94    369.99    185.0     175.0     ]
[0.0       369.99    185.0     1.0       ]
[369.99    369.99    185.0     175.0     ]
[0.0       0.0       0.0       1.0       ]
[246.94    493.88    329.63    175.0     ]
[0.0       493.88    0.0       1.0       ]
[369.99    493.88    293.66    175.0     ]
[0.0       0.0       293.66    1.0       ]
[246.94    369.99    293.66    175.0     ]
[0.0       369.99    0.0       1.0       ]
[369.99    369.99    277.18    175.0     ]
[0.0       0.0       0.0       1.0       ]
[246.94    493.88    293.66    175.0     ]
[0.0       493.88    0.0       1.0       ]
[369.99    493.88    329.63    175.0     ]
[0.0       0.0       0.0       1.0       ]
[246.94    523.25    349.23    175.0     ]
[0.0       523.25    349.23    1.0       ]
[392.0     523.25    349.23    175.0     ]
[0.0       523.25    349.23    1.0       ]
[261.63    523.25    349.23    175.0     ]
[0.0       523.25    349.23    1.0       ]
[392.0     523.25    349.23    175.0     ]
[0.0       523.25    0.0       1.0       ]
[261.63    523.25    261.63    87.0      ]
[261.63    523.25    0.0       1.0       ]
[261.63    523.25    277.18    87.0      ]
[0.0       523.25    0.0       1.0       ]
[392.0     523.25    293.66    87.0      ]
[392.0     523.25    0.0       1.0       ]
[392.0     523.25    311.13    87.0      ]
[0.0       523.25    0.0       1.0       ]
[261.63    523.25    329.63    87.0      ]
[261.63    523.25    0.0       1.0       ]
[261.63    523.25    311.13    87.0      ]
[0.0       523.25    0.0       1.0       ]
[392.0     523.25    293.66    87.0      ]
[392.0     523.25    0.0       1.0       ]
[392.0     523.25    261.63    87.0      ]
[0.0       523.25    0.0       1.0       ]
[261.63    523.25    261.63    87.0      ]
[261.63    523.25    0.0       1.0       ]
[261.63    523.25    277.18    87.0      ]
[0.0       523.25    0.0       1.0       ]
[392.0     523.25    293.66    87.0      ]
[392.0     523.25    0.0       1.0       ]
[392.0     523.25    311.13    87.0      ]
[0.0       523.25    0.0       1.0       ]
[440.0     523.25    329.63    87.0      ]
[440.0     523.25    0.0       1.0       ]
[440.0     523.25    349.23    87.0      ]
[0.0       523.25    0.0       1.0       ]
[392.0     523.25    369.99    87.0      ]
[392.0     523.25    0.0       1.0       ]
[392.0     523.25    392.0     87.0      ]
[0.0       523.25    0.0       1.0       ]
[369.99    523.25    415.3     87.0      ]
[369.99    523.25    0.0       1.0       ]
[369.99    523.25    392.0     87.0      ]
[0.0       523.25    0.0       1.0       ]
[329.63    523.25    369.99    87.0      ]
[329.63    523.25    0.0       1.0       ]
[329.63    523.25    349.23    87.0      ]
[0.0       523.25    0.0       1.0       ]
[293.66    523.25    329.63    87.0      ]
[293.66    523.25    0.0       1.0       ]
[293.66    523.25    311.13    87.0      ]
[0.0       523.25    0.0       1.0       ]
[261.63    523.25    293.66    87.0      ]
[261.63    523.25    0.0       1.0       ]
[261.63    523.25    277.18    87.0      ]
[0.0       0.0       0.0       1.0       ]
[246.94    493.88    293.66    175.0     ]
[0.0       493.88    0.0       1.0       ]
[369.99    493.88    329.63    175.0     ]
[0.0       493.88    329.63    1.0       ]
[246.94    493.88    329.63    175.0     ]
[0.0       0.0       0.0       1.0       ]
[369.99    369.99    277.18    175.0     ]
[0.0       369.99    0.0       1.0       ]
[246.94    369.99    293.66    175.0     ]
[0.0       369.99    293.66    1.0       ]
[369.99    369.99    293.66    175.0     ]
[0.0       369.99    0.0       1.0       ]
[246.94    369.99    246.94    175.0     ]
[0.0       369.99    246.94    1.0       ]
[369.99    369.99    246.94    175.0     ]
[0.0       369.99    0.0       1.0       ]
[246.94    369.99    185.0     175.0     ]
[0.0       369.99    185.0     1.0       ]
[369.99    369.99    185.0     175.0     ]
[0.0       0.0       0.0       1.0       ]
[246.94    493.88    329.63    175.0     ]
[0.0       493.88    0.0       1.0       ]
[369.99    493.88    293.66    175.0     ]
[0.0       0.0       293.66    1.0       ]
[246.94    369.99    293.66    175.0     ]
[0.0       369.99    0.0       1.0       ]
[369.99    369.99    277.18    175.0     ]
[0.0       0.0       0.0       1.0       ]
[246.94    493.88    246.94    175.0     ]
[0.0       493.88    0.0       1.0       ]
[369.99    493.88    277.18    175.0     ]
[0.0       0.0       0.0       1.0       ]
[220.0     440.0     293.66    175.0     ]
[0.0       440.0     293.66    1.0       ]
[329.63    440.0     293.66    175.0     ]
[0.0       440.0     293.66    1.0       ]
[220.0     440.0     293.66    175.0     ]
[0.0       440.0     293.66    1.0       ]
[329.63    440.0     293.66    175.0     ]
[0.0       440.0     0.0       1.0       ]
[220.0     440.0     277.18    175.0     ]
[0.0       440.0     277.18    1.0       ]
[329.63    440.0     277.18    175.0     ]
[0.0       440.0     277.18    1.0       ]
[220.0     440.0     277.18    175.0     ]
[0.0       440.0     277.18    1.0       ]
[329.63    440.0     277.18    175.0     ]
[0.0       440.0     0.0       1.0       ]
[220.0     440.0     246.94    175.0     ]
[0.0       440.0     246.94    1.0       ]
[329.63    440.0     246.94    175.0     ]
[0.0       440.0     246.94    1.0       ]
[293.66    440.0     246.94    175.0     ]
[0.0       440.0     246.94    1.0       ]
[277.18    440.0     246.94    175.0     ]
[0.0       440.0     0.0       1.0       ]
[293.66    440.0     277.18    175.0     ]
[0.0       440.0     277.18    1.0       ]
[277.18    440.0     277.18    175.0     ]
[0.0       0.0       277.18    1.0       ]
[220.0     0.0       277.18    175.0     ]
[0.0       0.0       277.18    1.0       ]
[207.65    0.0       277.18    175.0     ]
[0.0       0.0       0.0       1.0       ]
[196.0     392.0     293.66    175.0     ]
[0.0       392.0     0.0       1.0       ]
[293.66    392.0     277.18    175.0     ]
[0.0       392.0     0.0       1.0       ]
[196.0     392.0     246.94    175.0     ]
[0.0       392.0     0.0       1.0       ]
[293.66    392.0     220.0     175.0     ]
[0.0       392.0     0.0       1.0       ]
[196.0     392.0     196.0     175.0     ]
[0.0       392.0     0.0       1.0       ]
[293.66    392.0     0.0       175.0     ]
[0.0       0.0       0.0       1.0       ]
[196.0     0.0       293.66    175.0     ]
[0.0       0.0       0.0       1.0       ]
[293.66    0.0       277.18    175.0     ]
[0.0       0.0       0.0       1.0       ]
[196.0     587.33    246.94    175.0     ]
[0.0       587.33    0.0       1.0       ]
[293.66    587.33    220.0     175.0     ]
[0.0       587.33    0.0       1.0       ]
[196.0     587.33    196.0     175.0     ]
[0.0       587.33    0.0       1.0       ]
[293.66    587.33    0.0       175.0     ]
[0.0       0.0       0.0       1.0       ]
[196.0     392.0     293.66    175.0     ]
[0.0       392.0     0.0       1.0       ]
[293.66    392.0     277.18    175.0     ]
[0.0       392.0     0.0       1.0       ]
[196.0     392.0     246.94    175.0     ]
[0.0       392.0     0.0       1.0       ]
[293.66    392.0     277.18    175.0     ]
[0.0       0.0       0.0       1.0       ]
[220.0     440.0     329.63    175.0     ]
[0.0       440.0     329.63    1.0       ]
[329.63    440.0     329.63    175.0     ]
[0.0       440.0     0.0       1.0       ]
[220.0     440.0     196.0     87.0      ]
[220.0     440.0     0.0       1.0       ]
[220.0     440.0     220.0     87.0      ]
[0.0       440.0     0.0       1.0       ]
[329.63    440.0     246.94    87.0      ]
[329.63    440.0     0.0       1.0       ]
[329.63    440.0     277.18    87.0      ]
[0.0       440.0     0.0       1.0       ]
[220.0     440.0     293.66    175.0     ]
[0.0       440.0     293.66    1.0       ]
[329.63    440.0     293.66    175.0     ]
[0.0       440.0     0.0       1.0       ]
[220.0     440.0     185.0     87.0      ]
[220.0     440.0     0.0       1.0       ]
[220.0     440.0     196.0     87.0      ]
[0.0       440.0     0.0       1.0       ]
[329.63    440.0     220.0     87.0      ]
[329.63    440.0     0.0       1.0       ]
[329.63    440.0     246.94    87.0      ]
[0.0       440.0     0.0       1.0       ]
[220.0     440.0     277.18    175.0     ]
[0.0       440.0     277.18    1.0       ]
[329.63    440.0     277.18    175.0     ]
[0.0       440.0     0.0       1.0       ]
[220.0     440.0     196.0     87.0      ]
[220.0     440.0     0.0       1.0       ]
[220.0     440.0     220.0     87.0      ]
[0.0       440.0     0.0       1.0       ]
[329.63    440.0     246.94    87.0      ]
[329.63    440.0     0.0       1.0       ]
[329.63    440.0     277.18    87.0      ]
[0.0       0.0       0.0       1.0       ]
[220.0     440.0     293.66    175.0     ]
[0.0       440.0     293.66    1.0       ]
[329.63    440.0     293.66    175.0     ]
[0.0       440.0     0.0       1.0       ]
[220.0     440.0     185.0     87.0      ]
[220.0     440.0     0.0       1.0       ]
[220.0     440.0     196.0     87.0      ]
[0.0       440.0     0.0       1.0       ]
[329.63    440.0     220.0     87.0      ]
[329.63    440.0     0.0       1.0       ]
[329.63    440.0     246.94    87.0      ]
[0.0       0.0       0.0       1.0       ]
[196.0     392.0     293.66    175.0     ]
[0.0       392.0     0.0       1.0       ]
[293.66    392.0     277.18    175.0     ]
[0.0       392.0     0.0       1.0       ]
[196.0     392.0     246.94    175.0     ]
[0.0       392.0     0.0       1.0       ]
[293.66    392.0     220.0     175.0     ]
[0.0       392.0     0.0       1.0       ]
[196.0     392.0     196.0     175.0     ]
[0.0       392.0     0.0       1.0       ]
[293.66    392.0     0.0       175.0     ]
[0.0       0.0       0.0       1.0       ]
[196.0     0.0       293.66    175.0     ]
[0.0       0.0       0.0       1.0       ]
[293.66    0.0       277.18    175.0     ]
[0.0       0.0       0.0       1.0       ]
[196.0     659.26    246.94    175.0     ]
[0.0       659.26    0.0       1.0       ]
[293.66    659.26    220.0     175.0     ]
[0.0       659.26    0.0       1.0       ]
[196.0     659.26    246.94    175.0     ]
[0.0       659.26    0.0       1.0       ]
[293.66    659.26    196.0     175.0     ]
[0.0       0.0       0.0       1.0       ]
[196.0     739.99    293.66    175.0     ]
[0.0       739.99    0.0       1.0       ]
[293.66    739.99    329.63    175.0     ]
[0.0       739.99    0.0       1.0       ]
[196.0     739.99    369.99    175.0     ]
[0.0       739.99    0.0       1.0       ]
[207.65    739.99    392.0     175.0     ]
[0.0       0.0       0.0       1.0       ]
[220.0     659.26    440.0     175.0     ]
[0.0       659.26    0.0       1.0       ]
[329.63    659.26    493.88    175.0     ]
[0.0       659.26    0.0       1.0       ]
[220.0     659.26    440.0     175.0     ]
[0.0       659.26    0.0       1.0       ]
[329.63    659.26    392.0     175.0     ]
[0.0       659.26    0.0       1.0       ]
[220.0     659.26    440.0     175.0     ]
[0.0       659.26    0.0       1.0       ]
[329.63    659.26    0.0       175.0     ]
[0.0       0.0       0.0       1.0       ]
[220.0     0.0       440.0     175.0     ]
[0.0       0.0       0.0       1.0       ]
[329.63    0.0       493.88    175.0     ]
[0.0       0.0       0.0       1.0       ]
[220.0     783.99    440.0     175.0     ]
[0.0       783.99    0.0       1.0       ]
[329.63    783.99    392.0     175.0     ]
[0.0       0.0       0.0       1.0       ]
[220.0     880.0     369.99    175.0     ]
[0.0       0.0       0.0       1.0       ]
[329.63    783.99    392.0     175.0     ]
[0.0       0.0       0.0       1.0       ]
[220.0     739.99    440.0     175.0     ]
[0.0       0.0       0.0       1.0       ]
[329.63    659.26    329.63    175.0     ]
[0.0       0.0       0.0       1.0       ]
[293.66    587.33    392.0     175.0     ]
[0.0       0.0       0.0       1.0       ]
[277.18    659.26    369.99    175.0     ]
[0.0       0.0       0.0       1.0       ]
[246.94    739.99    246.94    87.0      ]
[246.94    739.99    0.0       1.0       ]
[246.94    739.99    261.63    87.0      ]
[0.0       739.99    0.0       1.0       ]
[369.99    739.99    277.18    87.0      ]
[369.99    739.99    0.0       1.0       ]
[369.99    739.99    293.66    87.0      ]
[0.0       739.99    0.0       1.0       ]
[246.94    739.99    311.13    87.0      ]
[246.94    739.99    0.0       1.0       ]
[246.94    739.99    329.63    87.0      ]
[0.0       739.99    0.0       1.0       ]
[369.99    739.99    349.23    87.0      ]
[369.99    739.99    0.0       1.0       ]
[369.99    739.99    369.99    87.0      ]
[0.0       739.99    0.0       1.0       ]
[246.94    739.99    392.0     87.0      ]
[246.94    739.99    0.0       1.0       ]
[246.94    739.99    415.3     87.0      ]
[0.0       739.99    0.0       1.0       ]
[369.99    739.99    440.0     87.0      ]
[369.99    739.99    0.0       1.0       ]
[369.99    739.99    466.16    87.0      ]
[0.0       739.99    0.0       1.0       ]
[246.94    739.99    493.88    87.0      ]
[246.94    739.99    0.0       1.0       ]
[246.94    739.99    523.25    87.0      ]
[0.0       739.99    0.0       1.0       ]
[369.99    739.99    554.37    87.0      ]
[369.99    739.99    0.0       1.0       ]
[369.99    739.99    587.33    87.0      ]
[0.0       739.99    0.0       1.0       ]
[246.94    739.99    622.25    87.0      ]
[246.94    739.99    0.0       1.0       ]
[246.94    739.99    587.33    87.0      ]
[0.0       739.99    0.0       1.0       ]
[369.99    739.99    554.37    87.0      ]
[369.99    739.99    0.0       1.0       ]
[369.99    739.99    523.25    87.0      ]
[0.0       739.99    0.0       1.0       ]
[293.66    739.99    493.88    87.0      ]
[293.66    739.99    0.0       1.0       ]
[293.66    739.99    466.16    87.0      ]
[0.0       739.99    0.0       1.0       ]
[329.63    739.99    440.0     87.0      ]
[329.63    739.99    0.0       1.0       ]
[329.63    739.99    415.3     87.0      ]
[0.0       0.0       0.0       1.0       ]
[369.99    739.99    392.0     87.0      ]
[369.99    739.99    0.0       1.0       ]
[369.99    739.99    369.99    87.0      ]
[0.0       739.99    0.0       1.0       ]
[329.63    739.99    349.23    87.0      ]
[329.63    739.99    0.0       1.0       ]
[329.63    739.99    329.63    87.0      ]
[0.0       739.99    0.0       1.0       ]
[293.66    739.99    311.13    87.0      ]
[293.66    739.99    0.0       1.0       ]
[293.66    739.99    293.66    87.0      ]
[0.0       739.99    0.0       1.0       ]
[369.99    739.99    277.18    87.0      ]
[369.99    739.99    0.0       1.0       ]
[369.99    739.99    261.63    87.0      ]
[0.0       0.0       0.0       1.0       ]
[261.63    783.99    261.63    87.0      ]
[261.63    783.99    0.0       1.0       ]
[261.63    783.99    277.18    87.0      ]
[0.0       783.99    0.0       1.0       ]
[392.0     783.99    293.66    87.0      ]
[392.0     783.99    0.0       1.0       ]
[392.0     783.99    311.13    87.0      ]
[0.0       783.99    0.0       1.0       ]
[261.63    783.99    329.63    87.0      ]
[261.63    783.99    0.0       1.0       ]
[261.63    783.99    349.23    87.0      ]
[0.0       783.99    0.0       1.0       ]
[392.0     783.99    369.99    87.0      ]
[392.0     783.99    0.0       1.0       ]
[392.0     783.99    392.0     87.0      ]
[0.0       783.99    0.0       1.0       ]
[261.63    783.99    415.3     87.0      ]
[261.63    783.99    0.0       1.0       ]
[261.63    783.99    440.0     87.0      ]
[0.0       783.99    0.0       1.0       ]
[392.0     783.99    466.16    87.0      ]
[392.0     783.99    0.0       1.0       ]
[392.0     783.99    493.88    87.0      ]
[0.0       783.99    0.0       1.0       ]
[261.63    783.99    523.25    87.0      ]
[261.63    783.99    0.0       1.0       ]
[261.63    783.99    554.37    87.0      ]
[0.0       783.99    0.0       1.0       ]
[392.0     783.99    587.33    87.0      ]
[392.0     783.99    0.0       1.0       ]
[392.0     783.99    622.25    87.0      ]
[0.0       0.0       0.0       1.0       ]
[261.63    783.99    659.26    87.0      ]
[261.63    783.99    0.0       1.0       ]
[261.63    783.99    622.25    87.0      ]
[0.0       783.99    0.0       1.0       ]
[392.0     783.99    587.33    87.0      ]
[392.0     783.99    0.0       1.0       ]
[392.0     783.99    554.37    87.0      ]
[0.0       0.0       0.0       1.0       ]
[311.13    880.0     523.25    87.0      ]
[311.13    880.0     0.0       1.0       ]
[311.13    880.0     493.88    87.0      ]
[0.0       0.0       0.0       1.0       ]
[349.23    783.99    466.16    87.0      ]
[349.23    783.99    0.0       1.0       ]
[349.23    783.99    440.0     87.0      ]
[0.0       0.0       0.0       1.0       ]
[392.0     783.99    415.3     87.0      ]
[392.0     783.99    0.0       1.0       ]
[392.0     783.99    392.0     87.0      ]
[0.0       0.0       0.0       1.0       ]
[349.23    739.99    369.99    87.0      ]
[349.23    739.99    0.0       1.0       ]
[349.23    739.99    349.23    87.0      ]
[0.0       0.0       0.0       1.0       ]
[311.13    659.26    329.63    87.0      ]
[311.13    659.26    0.0       1.0       ]
[311.13    659.26    311.13    87.0      ]
[0.0       0.0       0.0       1.0       ]
[392.0     739.99    293.66    87.0      ]
[392.0     739.99    0.0       1.0       ]
[392.0     739.99    277.18    87.0      ]
[0.0       0.0       0.0       1.0       ]
[277.18    830.61    277.18    87.0      ]
[277.18    830.61    0.0       1.0       ]
[277.18    830.61    293.66    87.0      ]
[0.0       830.61    0.0       1.0       ]
[415.3     830.61    311.13    87.0      ]
[415.3     830.61    0.0       1.0       ]
[415.3     830.61    329.63    87.0      ]
[0.0       830.61    0.0       1.0       ]
[277.18    830.61    349.23    87.0      ]
[277.18    830.61    0.0       1.0       ]
[277.18    830.61    369.99    87.0      ]
[0.0       830.61    0.0       1.0       ]
[415.3     830.61    392.0     87.0      ]
[415.3     830.61    0.0       1.0       ]
[415.3     830.61    415.3     87.0      ]
[0.0       830.61    0.0       1.0       ]
[277.18    830.61    440.0     87.0      ]
[277.18    830.61    0.0       1.0       ]
[277.18    830.61    466.16    87.0      ]
[0.0       830.61    0.0       1.0       ]
[415.3     830.61    493.88    87.0      ]
[415.3     830.61    0.0       1.0       ]
[415.3     830.61    523.25    87.0      ]
[0.0       830.61    0.0       1.0       ]
[277.18    830.61    554.37    87.0      ]
[277.18    830.61    0.0       1.0       ]
[277.18    830.61    587.33    87.0      ]
[0.0       830.61    0.0       1.0       ]
[415.3     830.61    622.25    87.0      ]
[415.3     830.61    0.0       1.0       ]
[415.3     830.61    659.26    87.0      ]
[0.0       830.61    0.0       1.0       ]
[277.18    830.61    698.46    87.0      ]
[277.18    830.61    0.0       1.0       ]
[277.18    830.61    659.26    87.0      ]
[0.0       830.61    0.0       1.0       ]
[415.3     830.61    622.25    87.0      ]
[415.3     830.61    0.0       1.0       ]
[415.3     830.61    587.33    87.0      ]
[0.0       830.61    0.0       1.0       ]
[329.63    830.61    554.37    87.0      ]
[329.63    830.61    0.0       1.0       ]
[329.63    830.61    523.25    87.0      ]
[0.0       830.61    0.0       1.0       ]
[369.99    830.61    493.88    87.0      ]
[369.99    830.61    0.0       1.0       ]
[369.99    830.61    466.16    87.0      ]
[0.0       830.61    0.0       1.0       ]
[415.3     830.61    440.0     87.0      ]
[415.3     830.61    0.0       1.0       ]
[415.3     830.61    415.3     87.0      ]
[0.0       830.61    0.0       1.0       ]
[369.99    830.61    392.0     87.0      ]
[369.99    830.61    0.0       1.0       ]
[369.99    830.61    369.99    87.0      ]
[0.0       830.61    0.0       1.0       ]
[329.63    830.61    349.23    87.0      ]
[329.63    830.61    0.0       1.0       ]
[329.63    830.61    329.63    87.0      ]
[0.0       830.61    0.0       1.0       ]
[415.3     830.61    311.13    87.0      ]
[415.3     830.61    0.0       1.0       ]
[415.3     830.61    293.66    87.0      ]
[0.0       0.0       0.0       1.0       ]
[293.66    880.0     293.66    87.0      ]
[293.66    880.0     0.0       1.0       ]
[293.66    880.0     311.13    87.0      ]
[0.0       880.0     0.0       1.0       ]
[440.0     880.0     329.63    87.0      ]
[440.0     880.0     0.0       1.0       ]
[440.0     880.0     349.23    87.0      ]
[0.0       880.0     0.0       1.0       ]
[293.66    880.0     369.99    87.0      ]
[293.66    880.0     0.0       1.0       ]
[293.66    880.0     392.0     87.0      ]
[0.0       880.0     0.0       1.0       ]
[440.0     880.0     415.3     87.0      ]
[440.0     880.0     0.0       1.0       ]
[440.0     880.0     440.0     87.0      ]
[0.0       880.0     0.0       1.0       ]
[293.66    880.0     466.16    87.0      ]
[293.66    880.0     0.0       1.0       ]
[293.66    880.0     493.88    87.0      ]
[0.0       880.0     0.0       1.0       ]
[440.0     880.0     523.25    87.0      ]
[440.0     880.0     0.0       1.0       ]
[440.0     880.0     554.37    87.0      ]
[0.0       880.0     0.0       1.0       ]
[293.66    880.0     587.33    87.0      ]
[293.66    880.0     0.0       1.0       ]
[293.66    880.0     622.25    87.0      ]
[0.0       880.0     0.0       1.0       ]
[440.0     880.0     659.26    87.0      ]
[440.0     880.0     0.0       1.0       ]
[440.0     880.0     698.46    87.0      ]
[0.0       0.0       0.0       1.0       ]
[293.66    1108.73   739.99    87.0      ]
[293.66    1108.73   0.0       1.0       ]
[293.66    1108.73   698.46    87.0      ]
[0.0       1108.73   0.0       1.0       ]
[440.0     1108.73   659.26    87.0      ]
[440.0     1108.73   0.0       1.0       ]
[440.0     1108.73   622.25    87.0      ]
[0.0       1108.73   0.0       1.0       ]
[349.23    1108.73   587.33    87.0      ]
[349.23    1108.73   0.0       1.0       ]
[349.23    1108.73   554.37    87.0      ]
[0.0       1108.73   0.0       1.0       ]
[392.0     1108.73   523.25    87.0      ]
[392.0     1108.73   0.0       1.0       ]
[392.0     1108.73   493.88    87.0      ]
[0.0       0.0       0.0       1.0       ]
[440.0     1318.51   466.16    87.0      ]
[440.0     1318.51   0.0       1.0       ]
[440.0     1318.51   493.88    87.0      ]
[0.0       1318.51   0.0       1.0       ]
[392.0     1318.51   523.25    87.0      ]
[392.0     1318.51   0.0       1.0       ]
[392.0     1318.51   554.37    87.0      ]
[0.0       1318.51   0.0       1.0       ]
[349.23    1318.51   587.33    87.0      ]
[349.23    1318.51   0.0       1.0       ]
[349.23    1318.51   622.25    87.0      ]
[0.0       1318.51   0.0       1.0       ]
[329.63    1318.51   659.26    87.0      ]
[329.63    1318.51   0.0       1.0       ]
[329.63    1318.51   698.46    87.0      ]
[0.0       0.0       0.0       1.0       ]
[293.66    1174.66   440.0     350.0     ]
[0.0       0.0       0.0       1.0       ]
[220.0     880.0     587.33    350.0     ]
[0.0       0.0       0.0       1.0       ]
[261.63    1046.5    440.0     175.0     ]
[0.0       0.0       0.0       1.0       ]
[392.0     987.77    293.66    87.0      ]
[392.0     987.77    0.0       1.0       ]
[392.0     987.77    329.63    87.0      ]
[0.0       987.77    0.0       1.0       ]
[246.94    987.77    369.99    87.0      ]
[246.94    987.77    0.0       1.0       ]
[246.94    987.77    392.0     87.0      ]
[0.0       987.77    0.0       1.0       ]
[392.0     987.77    415.3     87.0      ]
[392.0     987.77    0.0       1.0       ]
[392.0     987.77    466.16    87.0      ]
[0.0       987.77    0.0       1.0       ]
[246.94    987.77    493.88    175.0     ]
[0.0       987.77    0.0       1.0       ]
[392.0     987.77    523.25    175.0     ]
[0.0       987.77    0.0       1.0       ]
[246.94    987.77    440.0     175.0     ]
[0.0       987.77    0.0       1.0       ]
[392.0     987.77    523.25    175.0     ]
[0.0       987.77    0.0       1.0       ]
[246.94    987.77    392.0     175.0     ]
[0.0       987.77    0.0       1.0       ]
[392.0     987.77    493.88    175.0     ]
[0.0       987.77    0.0       1.0       ]
[246.94    987.77    349.23    175.0     ]
[0.0       987.77    0.0       1.0       ]
[392.0     987.77    392.0     175.0     ]
[0.0       987.77    0.0       1.0       ]
[246.94    987.77    440.0     175.0     ]
[0.0       987.77    0.0       1.0       ]
[392.0     987.77    523.25    175.0     ]
[0.0       987.77    0.0       1.0       ]
[246.94    987.77    587.33    175.0     ]
[0.0       987.77    0.0       1.0       ]
[392.0     987.77    0.0       175.0     ]
[0.0       0.0       0.0       1.0       ]
[293.66    1174.66   440.0     350.0     ]
[0.0       0.0       0.0       1.0       ]
[220.0     880.0     523.25    350.0     ]
[0.0       0.0       0.0       1.0       ]
[233.08    932.33    587.33    175.0     ]
[0.0       0.0       0.0       1.0       ]
[349.23    1396.91   349.23    87.0      ]
[349.23    1396.91   0.0       1.0       ]
[349.23    1396.91   392.0     87.0      ]
[0.0       1396.91   0.0       1.0       ]
[233.08    1396.91   440.0     87.0      ]
[233.08    1396.91   0.0       1.0       ]
[233.08    1396.91   493.88    87.0      ]
[0.0       1396.91   0.0       1.0       ]
[349.23    1396.91   523.25    87.0      ]
[349.23    1396.91   0.0       1.0       ]
[349.23    1396.91   587.33    87.0      ]
[0.0       1396.91   0.0       1.0       ]
[233.08    1396.91   659.26    175.0     ]
[0.0       1396.91   0.0       1.0       ]
[349.23    1396.91   698.46    175.0     ]
[0.0       1396.91   0.0       1.0       ]
[233.08    1396.91   587.33    175.0     ]
[0.0       1396.91   0.0       1.0       ]
[349.23    1396.91   698.46    87.0      ]
[349.23    0.0       698.46    88.0      ]
[0.0       0.0       0.0       1.0       ]
[233.08    1567.98   587.33    175.0     ]
[0.0       1567.98   0.0       1.0       ]
[349.23    1567.98   698.46    175.0     ]
[0.0       1567.98   0.0       1.0       ]
[233.08    1567.98   587.33    175.0     ]
[0.0       1567.98   0.0       1.0       ]
[349.23    1567.98   698.46    175.0     ]
[0.0       1567.98   0.0       1.0       ]
[233.08    1567.98   587.33    175.0     ]
[0.0       1567.98   0.0       1.0       ]
[349.23    1567.98   698.46    175.0     ]
[0.0       1567.98   0.0       1.0       ]
[233.08    1567.98   587.33    175.0     ]
[0.0       1567.98   0.0       1.0       ]
[349.23    1567.98   698.46    175.0     ]
[0.0       0.0       0.0       1.0       ]
[246.94    1318.51   659.26    175.0     ]
[0.0       1318.51   0.0       1.0       ]
[329.63    1318.51   698.46    175.0     ]
[0.0       1318.51   0.0       1.0       ]
[246.94    1318.51   659.26    175.0     ]
[0.0       1318.51   0.0       1.0       ]
[329.63    1318.51   698.46    175.0     ]
[0.0       1318.51   0.0       1.0       ]
[246.94    1318.51   659.26    175.0     ]
[0.0       1318.51   0.0       1.0       ]
[329.63    1318.51   698.46    175.0     ]
[0.0       1318.51   0.0       1.0       ]
[246.94    1318.51   659.26    175.0     ]
[0.0       1318.51   0.0       1.0       ]
[329.63    1318.51   698.46    175.0     ]
[0.0       1318.51   0.0       1.0       ]
[246.94    1318.51   659.26    175.0     ]
[0.0       1318.51   0.0       1.0       ]
[329.63    1318.51   698.46    175.0     ]
[0.0       1318.51   0.0       1.0       ]
[246.94    1318.51   659.26    175.0     ]
[0.0       1318.51   0.0       1.0       ]
[329.63    1318.51   698.46    175.0     ]
[0.0       1318.51   0.0       1.0       ]
[246.94    1318.51   659.26    175.0     ]
[0.0       1318.51   0.0       1.0       ]
[329.63    1318.51   698.46    175.0     ]
[0.0       1318.51   0.0       1.0       ]
[246.94    1318.51   659.26    175.0     ]
[0.0       1318.51   0.0       1.0       ]
[329.63    1318.51   493.88    175.0     ]
[0.0       0.0       0.0       1.0       ]
[220.0     523.25    261.63    175.0     ]
[0.0       523.25    0.0       1.0       ]
[329.63    523.25    220.0     175.0     ]
[0.0       523.25    0.0       1.0       ]
[220.0     523.25    329.63    175.0     ]
[0.0       0.0       0.0       1.0       ]
[329.63    440.0     261.63    175.0     ]
[0.0       440.0     0.0       1.0       ]
[220.0     440.0     220.0     175.0     ]
[0.0       440.0     0.0       1.0       ]
[329.63    440.0     329.63    175.0     ]
[0.0       440.0     0.0       1.0       ]
[220.0     440.0     261.63    175.0     ]
[0.0       440.0     0.0       1.0       ]
[329.63    440.0     220.0     175.0     ]
[0.0       440.0     0.0       1.0       ]
[220.0     440.0     329.63    175.0     ]
[0.0       440.0     0.0       1.0       ]
[329.63    440.0     261.63    175.0     ]
[0.0       0.0       0.0       1.0       ]
[220.0     523.25    220.0     175.0     ]
[0.0       523.25    0.0       1.0       ]
[329.63    523.25    329.63    175.0     ]
[0.0       0.0       0.0       1.0       ]
[220.0     440.0     261.63    175.0     ]
[0.0       440.0     0.0       1.0       ]
[329.63    440.0     220.0     175.0     ]
[0.0       0.0       0.0       1.0       ]
[220.0     523.25    261.63    175.0     ]
[0.0       523.25    0.0       1.0       ]
[329.63    523.25    329.63    175.0     ]
[0.0       0.0       0.0       1.0       ]
[233.08    466.16    293.66    175.0     ]
[0.0       466.16    0.0       1.0       ]
[349.23    466.16    233.08    175.0     ]
[0.0       466.16    0.0       1.0       ]
[233.08    466.16    349.23    175.0     ]
[0.0       0.0       0.0       1.0       ]
[349.23    698.46    293.66    175.0     ]
[0.0       698.46    0.0       1.0       ]
[233.08    698.46    233.08    175.0     ]
[0.0       698.46    0.0       1.0       ]
[349.23    698.46    349.23    175.0     ]
[0.0       698.46    0.0       1.0       ]
[233.08    698.46    293.66    175.0     ]
[0.0       698.46    0.0       1.0       ]
[349.23    698.46    233.08    175.0     ]
[0.0       698.46    0.0       1.0       ]
[233.08    698.46    349.23    175.0     ]
[0.0       698.46    0.0       1.0       ]
[349.23    698.46    293.66    175.0     ]
[0.0       0.0       0.0       1.0       ]
[233.08    466.16    233.08    175.0     ]
[0.0       466.16    0.0       1.0       ]
[349.23    466.16    349.23    175.0     ]
[0.0       0.0       0.0       1.0       ]
[233.08    698.46    293.66    175.0     ]
[0.0       698.46    0.0       1.0       ]
[349.23    698.46    233.08    175.0     ]
[0.0       0.0       0.0       1.0       ]
[233.08    587.33    293.66    175.0     ]
[0.0       587.33    0.0       1.0       ]
[349.23    587.33    349.23    175.0     ]
[0.0       0.0       0.0       1.0       ]
[220.0     523.25    261.63    175.0     ]
[0.0       523.25    0.0       1.0       ]
[329.63    523.25    220.0     175.0     ]
[0.0       523.25    0.0       1.0       ]
[220.0     523.25    329.63    175.0     ]
[0.0       0.0       0.0       1.0       ]
[329.63    440.0     261.63    175.0     ]
[0.0       440.0     0.0       1.0       ]
[220.0     440.0     220.0     175.0     ]
[0.0       440.0     0.0       1.0       ]
[329.63    440.0     329.63    175.0     ]
[0.0       440.0     0.0       1.0       ]
[220.0     440.0     261.63    175.0     ]
[0.0       440.0     0.0       1.0       ]
[329.63    440.0     220.0     175.0     ]
[0.0       440.0     0.0       1.0       ]
[220.0     440.0     329.63    175.0     ]
[0.0       440.0     0.0       1.0       ]
[329.63    440.0     261.63    175.0     ]
[0.0       0.0       0.0       1.0       ]
[220.0     523.25    220.0     175.0     ]
[0.0       523.25    0.0       1.0       ]
[329.63    523.25    329.63    175.0     ]
[0.0       0.0       0.0       1.0       ]
[220.0     659.26    261.63    175.0     ]
[0.0       0.0       0.0       1.0       ]
[329.63    587.33    220.0     175.0     ]
[0.0       0.0       0.0       1.0       ]
[220.0     523.25    261.63    175.0     ]
[0.0       0.0       0.0       1.0       ]
[329.63    659.26    329.63    175.0     ]
[0.0       0.0       0.0       1.0       ]
[233.08    587.33    293.66    175.0     ]
[0.0       0.0       0.0       1.0       ]
[349.23    466.16    233.08    175.0     ]
[0.0       466.16    0.0       1.0       ]
[233.08    466.16    349.23    175.0     ]
[0.0       0.0       0.0       1.0       ]
[349.23    698.46    293.66    175.0     ]
[0.0       698.46    0.0       1.0       ]
[233.08    698.46    233.08    175.0     ]
[0.0       698.46    0.0       1.0       ]
[349.23    698.46    349.23    175.0     ]
[0.0       698.46    0.0       1.0       ]
[233.08    698.46    293.66    175.0     ]
[0.0       698.46    0.0       1.0       ]
[349.23    698.46    233.08    87.0      ]
[349.23    0.0       233.08    88.0      ]
[0.0       0.0       0.0       1.0       ]
[233.08    783.99    349.23    175.0     ]
[0.0       783.99    0.0       1.0       ]
[349.23    783.99    293.66    175.0     ]
[0.0       783.99    0.0       1.0       ]
[233.08    783.99    233.08    175.0     ]
[0.0       0.0       0.0       1.0       ]
[349.23    698.46    349.23    175.0     ]
[0.0       698.46    0.0       1.0       ]
[233.08    698.46    293.66    175.0     ]
[0.0       698.46    0.0       1.0       ]
[349.23    698.46    233.08    87.0      ]
[349.23    0.0       233.08    88.0      ]
[0.0       0.0       0.0       1.0       ]
[233.08    587.33    293.66    175.0     ]
[0.0       587.33    0.0       1.0       ]
[349.23    587.33    349.23    175.0     ]
[0.0       0.0       0.0       1.0       ]
[233.08    698.46    293.66    350.0     ]
[0.0       698.46    293.66    1.0       ]
[349.23    698.46    293.66    350.0     ]
[0.0       698.46    293.66    1.0       ]
[233.08    698.46    293.66    350.0     ]
[0.0       698.46    293.66    1.0       ]
[349.23    698.46    293.66    350.0     ]
[0.0       0.0       0.0       1.0       ]
[233.08    659.26    261.63    350.0     ]
[0.0       659.26    261.63    1.0       ]
[329.63    659.26    261.63    350.0     ]
[0.0       659.26    261.63    1.0       ]
[233.08    659.26    261.63    350.0     ]
[0.0       659.26    261.63    1.0       ]
[329.63    659.26    261.63    350.0     ]
[0.0       0.0       0.0       1.0       ]
[233.08    587.33    233.08    350.0     ]
[0.0       587.33    233.08    1.0       ]
[293.66    587.33    233.08    350.0     ]
[0.0       587.33    233.08    1.0       ]
[233.08    587.33    233.08    350.0     ]
[0.0       587.33    233.08    1.0       ]
[293.66    587.33    233.08    350.0     ]
[0.0       0.0       0.0       1.0       ]
[233.08    659.26    196.0     350.0     ]
[0.0       659.26    196.0     1.0       ]
[329.63    659.26    196.0     350.0     ]
[0.0       659.26    196.0     1.0       ]
[233.08    659.26    196.0     350.0     ]
[0.0       659.26    0.0       1.0       ]
[329.63    659.26    293.66    87.0      ]
[329.63    659.26    0.0       1.0       ]
[329.63    659.26    329.63    87.0      ]
[329.63    659.26    0.0       1.0       ]
[329.63    659.26    392.0     87.0      ]
[329.63    659.26    0.0       1.0       ]
[329.63    659.26    523.25    87.0      ]
[0.0       0.0       0.0       1.0       ]
[233.08    1396.91   587.33    350.0     ]
[0.0       1396.91   587.33    1.0       ]
[349.23    1396.91   587.33    350.0     ]
[0.0       1396.91   0.0       1.0       ]
[233.08    1396.91   698.46    350.0     ]
[0.0       1396.91   698.46    1.0       ]
[349.23    1396.91   698.46    350.0     ]
[0.0       0.0       0.0       1.0       ]
[233.08    1318.51   466.16    350.0     ]
[0.0       1318.51   466.16    1.0       ]
[329.63    1318.51   466.16    350.0     ]
[0.0       1318.51   0.0       1.0       ]
[233.08    1318.51   523.25    350.0     ]
[0.0       1318.51   523.25    1.0       ]
[329.63    1318.51   523.25    350.0     ]
[0.0       0.0       0.0       1.0       ]
[233.08    1567.98   587.33    350.0     ]
[0.0       1567.98   587.33    1.0       ]
[293.66    1567.98   587.33    350.0     ]
[0.0       1567.98   0.0       1.0       ]
[233.08    1567.98   659.26    350.0     ]
[0.0       1567.98   659.26    1.0       ]
[293.66    1567.98   659.26    350.0     ]
[0.0       0.0       0.0       1.0       ]
[233.08    1396.91   698.46    350.0     ]
[0.0       1396.91   698.46    1.0       ]
[329.63    1396.91   698.46    350.0     ]
[0.0       1396.91   0.0       1.0       ]
[233.08    1396.91   783.99    350.0     ]
[0.0       1396.91   783.99    1.0       ]
[329.63    1396.91   783.99    350.0     ]
[0.0       0.0       0.0       1.0       ]
[220.0     466.16    659.26    175.0     ]
[0.0       0.0       0.0       1.0       ]
[329.63    0.0       0.0       175.0     ]
[0.0       0.0       0.0       1.0       ]
[329.63    0.0       0.0       175.0     ]
[0.0       0.0       0.0       1.0       ]
[220.0     466.16    659.26    175.0     ]
[0.0       0.0       0.0       1.0       ]
[329.63    0.0       0.0       175.0     ]
[0.0       0.0       0.0       1.0       ]
[329.63    0.0       0.0       175.0     ]
[0.0       0.0       0.0       1.0       ]
[220.0     466.16    659.26    175.0     ]
[0.0       0.0       0.0       1.0       ]
[329.63    0.0       0.0       175.0     ]
[0.0       0.0       0.0       1.0       ]
[329.63    440.0     659.26    175.0     ]
[0.0       0.0       0.0       1.0       ]
[220.0     0.0       0.0       175.0     ]
[0.0       0.0       0.0       1.0       ]
[329.63    0.0       0.0       175.0     ]
[0.0       0.0       0.0       1.0       ]
[329.63    440.0     659.26    175.0     ]
[0.0       0.0       0.0       1.0       ]
[220.0     0.0       0.0       175.0     ]
[0.0       0.0       0.0       1.0       ]
[329.63    0.0       0.0       175.0     ]
[0.0       0.0       0.0       1.0       ]
[329.63    440.0     659.26    175.0     ]
[0.0       0.0       0.0       1.0       ]
[246.94    0.0       0.0       175.0     ]
[0.0       0.0       0.0       1.0       ]
[220.0     523.25    659.26    175.0     ]
[0.0       0.0       0.0       1.0       ]
[329.63    0.0       0.0       175.0     ]
[0.0       0.0       0.0       1.0       ]
[329.63    0.0       0.0       175.0     ]
[0.0       0.0       0.0       1.0       ]
[220.0     523.25    659.26    175.0     ]
[0.0       0.0       0.0       1.0       ]
[329.63    0.0       0.0       175.0     ]
[0.0       0.0       0.0       1.0       ]
[329.63    0.0       0.0       175.0     ]
[0.0       0.0       0.0       1.0       ]
[220.0     523.25    659.26    175.0     ]
[0.0       0.0       0.0       1.0       ]
[329.63    0.0       0.0       175.0     ]
[0.0       0.0       0.0       1.0       ]
[329.63    466.16    659.26    175.0     ]
[0.0       0.0       0.0       1.0       ]
[220.0     0.0       0.0       175.0     ]
[0.0       0.0       0.0       1.0       ]
[329.63    0.0       0.0       175.0     ]
[0.0       0.0       0.0       1.0       ]
[329.63    466.16    659.26    175.0     ]
[0.0       0.0       0.0       1.0       ]
[220.0     0.0       0.0       175.0     ]
[0.0       0.0       0.0       1.0       ]
[329.63    0.0       0.0       175.0     ]
[0.0       0.0       0.0       1.0       ]
[329.63    440.0     659.26    175.0     ]
[0.0       0.0       0.0       1.0       ]
[246.94    0.0       0.0       175.0     ]
[0.0       0.0       0.0       1.0       ]
[220.0     440.0     261.63    175.0     ]
[0.0       0.0       0.0       1.0       ]
[329.63    440.0     293.66    175.0     ]
[0.0       0.0       293.66    1.0       ]
[220.0     493.88    293.66    175.0     ]
[0.0       493.88    0.0       1.0       ]
[329.63    493.88    246.94    175.0     ]
[0.0       0.0       0.0       1.0       ]
[220.0     392.0     277.18    175.0     ]
[0.0       0.0       277.18    1.0       ]
[329.63    440.0     277.18    175.0     ]
[0.0       440.0     0.0       1.0       ]
[220.0     440.0     0.0       175.0     ]
[0.0       440.0     0.0       1.0       ]
[329.63    440.0     277.18    87.0      ]
[329.63    440.0     0.0       1.0       ]
[329.63    440.0     293.66    87.0      ]
[0.0       440.0     0.0       1.0       ]
[220.0     440.0     329.63    87.0      ]
[220.0     440.0     0.0       88.0      ]
[0.0       0.0       0.0       1.0       ]
[329.63    0.0       293.66    87.0      ]
[329.63    0.0       0.0       88.0      ]
[0.0       0.0       0.0       1.0       ]
[220.0     493.88    246.94    87.0      ]
[220.0     493.88    0.0       88.0      ]
[0.0       0.0       0.0       1.0       ]
[329.63    554.37    277.18    87.0      ]
[329.63    554.37    0.0       88.0      ]
[0.0       0.0       0.0       1.0       ]
[220.0     659.26    0.0       175.0     ]
[0.0       0.0       0.0       1.0       ]
[329.63    587.33    0.0       175.0     ]
[0.0       0.0       0.0       1.0       ]
[220.0     554.37    0.0       175.0     ]
[0.0       0.0       0.0       1.0       ]
[329.63    493.88    0.0       175.0     ]
[0.0       0.0       0.0       1.0       ]
[233.08    466.16    293.66    87.0      ]
[233.08    466.16    0.0       1.0       ]
[233.08    466.16    311.13    87.0      ]
[0.0       466.16    0.0       1.0       ]
[349.23    466.16    329.63    87.0      ]
[349.23    466.16    0.0       1.0       ]
[349.23    466.16    349.23    87.0      ]
[0.0       466.16    0.0       1.0       ]
[233.08    466.16    349.23    87.0      ]
[233.08    466.16    0.0       1.0       ]
[233.08    466.16    329.63    87.0      ]
[0.0       466.16    0.0       1.0       ]
[349.23    466.16    311.13    87.0      ]
[349.23    466.16    0.0       1.0       ]
[349.23    466.16    293.66    87.0      ]
[0.0       466.16    0.0       1.0       ]
[233.08    466.16    277.18    175.0     ]
[0.0       466.16    0.0       1.0       ]
[349.23    466.16    0.0       175.0     ]
[0.0       0.0       0.0       1.0       ]
[233.08    0.0       0.0       175.0     ]
[0.0       0.0       0.0       1.0       ]
[349.23    0.0       277.18    87.0      ]
[349.23    0.0       0.0       1.0       ]
[349.23    0.0       293.66    87.0      ]
[0.0       0.0       0.0       1.0       ]
[233.08    0.0       329.63    87.0      ]
[233.08    0.0       0.0       88.0      ]
[0.0       0.0       0.0       1.0       ]
[349.23    466.16    349.23    87.0      ]
[349.23    466.16    0.0       88.0      ]
[0.0       0.0       0.0       1.0       ]
[233.08    523.25    329.63    87.0      ]
[233.08    523.25    0.0       88.0      ]
[0.0       0.0       0.0       1.0       ]
[349.23    698.46    293.66    87.0      ]
[349.23    698.46    0.0       88.0      ]
[0.0       0.0       0.0       1.0       ]
[233.08    659.26    293.66    175.0     ]
[0.0       0.0       0.0       1.0       ]
[349.23    587.33    329.63    175.0     ]
[0.0       0.0       0.0       1.0       ]
[233.08    523.25    349.23    175.0     ]
[0.0       0.0       0.0       1.0       ]
[349.23    466.16    392.0     175.0     ]
[0.0       0.0       0.0       1.0       ]
[246.94    493.88    311.13    87.0      ]
[246.94    493.88    0.0       1.0       ]
[246.94    493.88    329.63    87.0      ]
[0.0       493.88    0.0       1.0       ]
[369.99    493.88    349.23    87.0      ]
[369.99    493.88    0.0       1.0       ]
[369.99    493.88    369.99    87.0      ]
[0.0       493.88    0.0       1.0       ]
[246.94    493.88    369.99    87.0      ]
[246.94    493.88    0.0       1.0       ]
[246.94    493.88    349.23    87.0      ]
[0.0       493.88    0.0       1.0       ]
[369.99    493.88    329.63    87.0      ]
[369.99    493.88    0.0       1.0       ]
[369.99    493.88    311.13    87.0      ]
[0.0       493.88    0.0       1.0       ]
[246.94    493.88    293.66    175.0     ]
[0.0       493.88    0.0       1.0       ]
[369.99    493.88    0.0       175.0     ]
[0.0       0.0       0.0       1.0       ]
[246.94    0.0       0.0       175.0     ]
[0.0       0.0       0.0       1.0       ]
[369.99    0.0       0.0       175.0     ]
[0.0       0.0       0.0       1.0       ]
[246.94    0.0       0.0       175.0     ]
[0.0       0.0       0.0       1.0       ]
[369.99    493.88    369.99    175.0     ]
[0.0       0.0       0.0       1.0       ]
[246.94    554.37    329.63    175.0     ]
[0.0       0.0       329.63    1.0       ]
[369.99    783.99    329.63    175.0     ]
[0.0       0.0       0.0       1.0       ]
[246.94    739.99    311.13    175.0     ]
[0.0       0.0       0.0       1.0       ]
[369.99    659.26    329.63    175.0     ]
[0.0       0.0       0.0       1.0       ]
[246.94    587.33    369.99    175.0     ]
[0.0       0.0       0.0       1.0       ]
[369.99    493.88    415.3     175.0     ]
[0.0       0.0       0.0       1.0       ]
[261.63    523.25    329.63    175.0     ]
[0.0       523.25    329.63    1.0       ]
[392.0     523.25    329.63    175.0     ]
[0.0       523.25    329.63    1.0       ]
[261.63    523.25    329.63    175.0     ]
[0.0       523.25    329.63    1.0       ]
[392.0     523.25    329.63    175.0     ]
[0.0       523.25    0.0       1.0       ]
[261.63    523.25    369.99    175.0     ]
[0.0       523.25    369.99    1.0       ]
[392.0     523.25    369.99    175.0     ]
[0.0       523.25    369.99    1.0       ]
[261.63    523.25    369.99    175.0     ]
[0.0       523.25    369.99    1.0       ]
[392.0     523.25    369.99    175.0     ]
[0.0       0.0       0.0       1.0       ]
[261.63    659.26    392.0     175.0     ]
[0.0       659.26    392.0     1.0       ]
[392.0     659.26    392.0     175.0     ]
[0.0       659.26    392.0     1.0       ]
[369.99    659.26    392.0     175.0     ]
[0.0       659.26    392.0     1.0       ]
[329.63    659.26    392.0     175.0     ]
[0.0       0.0       0.0       1.0       ]
[369.99    783.99    523.25    175.0     ]
[0.0       783.99    523.25    1.0       ]
[329.63    783.99    523.25    175.0     ]
[0.0       0.0       0.0       1.0       ]
[293.66    369.99    0.0       87.0      ]
[293.66    0.0       0.0       1.0       ]
[293.66    392.0     0.0       87.0      ]
[0.0       0.0       0.0       1.0       ]
[261.63    440.0     0.0       87.0      ]
[261.63    0.0       0.0       1.0       ]
[261.63    466.16    0.0       87.0      ]
[0.0       0.0       0.0       1.0       ]
[587.33    587.33    880.0     116.0     ]
[0.0       0.0       0.0       1.0       ]
[587.33    587.33    880.0     116.0     ]
[0.0       0.0       0.0       1.0       ]
[587.33    587.33    880.0     116.0     ]
[0.0       0.0       0.0       1.0       ]
[493.88    587.33    880.0     116.0     ]
[0.0       0.0       0.0       1.0       ]
[440.0     440.0     987.77    116.0     ]
[0.0       0.0       0.0       1.0       ]
[392.0     587.33    1108.73   116.0     ]
[0.0       0.0       0.0       1.0       ]
[440.0     739.99    1174.66   701.0     ]
[0.0       0.0       0.0       1.0       ]
[369.99    440.0     587.33    175.0     ]
[0.0       0.0       587.33    175.0     ]
[0.0       0.0       0.0       1.0       ]
[369.99    369.99    440.0     175.0     ]
[0.0       0.0       0.0       1.0       ]
[0.0       440.0     587.33    175.0     ]
[0.0       0.0       0.0       1.0       ]
[415.3     493.88    659.26    175.0     ]
[0.0       0.0       659.26    175.0     ]
[0.0       0.0       0.0       1.0       ]
[415.3     415.3     493.88    175.0     ]
[0.0       0.0       0.0       1.0       ]
[0.0       493.88    659.26    175.0     ]
[0.0       0.0       0.0       1.0       ]
[440.0     554.37    739.99    175.0     ]
[0.0       0.0       0.0       1.0       ]
[0.0       493.88    783.99    175.0     ]
[0.0       0.0       0.0       1.0       ]
[440.0     440.0     880.0     175.0     ]
[0.0       0.0       880.0     1.0       ]
[0.0       392.0     880.0     175.0     ]
[0.0       0.0       0.0       1.0       ]
[493.88    440.0     659.26    175.0     ]
[0.0       0.0       0.0       1.0       ]
[0.0       493.88    739.99    175.0     ]
[0.0       0.0       0.0       1.0       ]
[493.88    440.0     783.99    175.0     ]
[0.0       0.0       783.99    1.0       ]
[0.0       392.0     783.99    175.0     ]
[0.0       0.0       0.0       1.0       ]
[369.99    440.0     587.33    175.0     ]
[0.0       0.0       587.33    175.0     ]
[0.0       0.0       0.0       1.0       ]
[369.99    369.99    440.0     175.0     ]
[0.0       0.0       0.0       1.0       ]
[0.0       440.0     587.33    175.0     ]
[0.0       0.0       0.0       1.0       ]
[415.3     493.88    659.26    175.0     ]
[0.0       0.0       659.26    175.0     ]
[0.0       0.0       0.0       1.0       ]
[415.3     415.3     493.88    175.0     ]
[0.0       0.0       0.0       1.0       ]
[0.0       493.88    659.26    175.0     ]
[0.0       0.0       0.0       1.0       ]
[440.0     554.37    739.99    175.0     ]
[0.0       0.0       0.0       1.0       ]
[0.0       587.33    783.99    175.0     ]
[0.0       0.0       0.0       1.0       ]
[440.0     659.26    880.0     175.0     ]
[0.0       0.0       880.0     1.0       ]
[0.0       739.99    880.0     175.0     ]
[0.0       0.0       0.0       1.0       ]
[554.37    554.37    739.99    175.0     ]
[0.0       0.0       0.0       1.0       ]
[0.0       493.88    783.99    175.0     ]
[0.0       0.0       0.0       1.0       ]
[554.37    440.0     880.0     87.0      ]
[0.0       440.0     880.0     88.0      ]
[0.0       0.0       880.0     1.0       ]
[440.0     554.37    880.0     87.0      ]
[0.0       554.37    880.0     88.0      ]
[0.0       0.0       0.0       1.0       ]
[369.99    440.0     587.33    87.0      ]
[0.0       440.0     587.33    88.0      ]
[0.0       0.0       587.33    1.0       ]
[587.33    0.0       587.33    87.0      ]
[0.0       0.0       587.33    88.0      ]
[0.0       0.0       0.0       1.0       ]
[369.99    369.99    440.0     175.0     ]
[0.0       0.0       0.0       1.0       ]
[0.0       440.0     587.33    175.0     ]
[0.0       0.0       0.0       1.0       ]
[415.3     493.88    659.26    87.0      ]
[0.0       493.88    659.26    88.0      ]
[0.0       0.0       659.26    1.0       ]
[659.26    0.0       659.26    87.0      ]
[0.0       0.0       659.26    88.0      ]
[0.0       0.0       0.0       1.0       ]
[415.3     415.3     493.88    175.0     ]
[0.0       0.0       0.0       1.0       ]
[0.0       493.88    659.26    175.0     ]
[0.0       0.0       0.0       1.0       ]
[440.0     523.25    698.46    87.0      ]
[0.0       523.25    698.46    88.0      ]
[0.0       0.0       698.46    1.0       ]
[698.46    0.0       698.46    87.0      ]
[0.0       0.0       698.46    88.0      ]
[0.0       0.0       0.0       1.0       ]
[440.0     440.0     523.25    175.0     ]
[0.0       0.0       0.0       1.0       ]
[0.0       523.25    698.46    175.0     ]
[0.0       0.0       0.0       1.0       ]
[493.88    587.33    783.99    87.0      ]
[0.0       587.33    783.99    88.0      ]
[0.0       0.0       0.0       1.0       ]
[783.99    493.88    587.33    87.0      ]
[0.0       493.88    587.33    88.0      ]
[0.0       0.0       0.0       1.0       ]
[493.88    587.33    783.99    87.0      ]
[0.0       587.33    783.99    88.0      ]
[0.0       0.0       783.99    1.0       ]
[466.16    0.0       783.99    87.0      ]
[0.0       0.0       783.99    88.0      ]
[0.0       0.0       0.0       1.0       ]
[440.0     554.37    739.99    175.0     ]
[0.0       0.0       739.99    1.0       ]
[0.0       493.88    739.99    175.0     ]
[0.0       0.0       739.99    1.0       ]
[440.0     440.0     739.99    175.0     ]
[0.0       0.0       739.99    1.0       ]
[0.0       392.0     739.99    175.0     ]
[0.0       0.0       739.99    1.0       ]
[440.0     369.99    739.99    175.0     ]
[0.0       0.0       739.99    1.0       ]
[0.0       392.0     739.99    175.0     ]
[0.0       0.0       739.99    1.0       ]
[440.0     440.0     739.99    87.0      ]
[0.0       440.0     739.99    88.0      ]
[0.0       0.0       739.99    1.0       ]
[523.25    493.88    739.99    87.0      ]
[0.0       493.88    739.99    88.0      ]
[0.0       0.0       0.0       1.0       ]
[554.37    440.0     659.26    175.0     ]
[0.0       0.0       659.26    1.0       ]
[0.0       392.0     659.26    175.0     ]
[0.0       0.0       659.26    1.0       ]
[554.37    369.99    659.26    175.0     ]
[0.0       0.0       659.26    1.0       ]
[0.0       329.63    659.26    175.0     ]
[0.0       0.0       659.26    1.0       ]
[554.37    369.99    659.26    175.0     ]
[0.0       0.0       659.26    1.0       ]
[0.0       392.0     659.26    175.0     ]
[0.0       0.0       659.26    1.0       ]
[554.37    440.0     659.26    87.0      ]
[0.0       440.0     659.26    88.0      ]
[0.0       0.0       659.26    1.0       ]
[440.0     493.88    659.26    87.0      ]
[0.0       493.88    659.26    88.0      ]
[0.0       0.0       0.0       1.0       ]
[293.66    587.33    587.33    1403.0    ]
[0.0       0.0       0.0       0.0       ]
